0 60 0.35 1933
0 60 0.35 2024
0 60 1.5 1933
0 60 1.5 2024
0 67 0.35 1933
0 67 0.35 2024
0 67 1.5 1933
0 67 1.5 2024
0 74 0.35 1933
0 74 0.35 2024
0 74 1.5 1933
0 74 1.5 2024
0 79 0.35 1933
0 79 0.35 2024
0 79 1.5 1933
0 79 1.5 2024
0 83 0.35 1933
0 83 0.35 2024
0 83 1.5 1933
0 83 1.5 2024
1 60 0.35 1933
1 60 0.35 2024
1 60 1.5 1933
1 60 1.5 2024
1 64 0.35 1933
1 64 0.35 2024
1 64 1.5 1933
1 64 1.5 2024
2 60 0.35 1933
2 60 0.35 2024
2 60 1.5 1933
2 60 1.5 2024
2 72 0.35 1933
2 72 0.35 2024
2 72 1.5 1933
2 72 1.5 2024
2 76 0.35 1933
2 76 0.35 2024
2 76 1.5 1933
2 76 1.5 2024
3 60 0.35 1933
3 60 0.35 2024
3 60 1.5 1933
3 60 1.5 2024
3 76 0.35 1933
3 76 0.35 2024
3 76 1.5 1933
3 76 1.5 2024
3 79 0.35 1933
3 79 0.35 2024
3 79 1.5 1933
3 79 1.5 2024
4 60 0.35 1933
4 60 0.35 2024
4 60 1.5 1933
4 60 1.5 2024
4 69 0.35 1933
4 69 0.35 2024
4 69 1.5 1933
4 69 1.5 2024
4 74 0.35 1933
4 74 0.35 2024
4 74 1.5 1933
4 74 1.5 2024
4 77 0.35 1933
4 77 0.35 2024
4 77 1.5 1933
4 77 1.5 2024
4 79 0.35 1933
4 79 0.35 2024
4 79 1.5 1933
4 79 1.5 2024
4 83 0.35 1933
4 83 0.35 2024
4 83 1.5 1933
4 83 1.5 2024
5 60 0.35 1933
5 60 0.35 2024
5 60 1.5 1933
5 60 1.5 2024
5 72 0.35 1933
5 72 0.35 2024
5 72 1.5 1933
5 72 1.5 2024
5 74 0.35 1933
5 74 0.35 2024
5 74 1.5 1933
5 74 1.5 2024
6 60 0.35 1933
6 60 0.35 2024
6 60 1.5 1933
6 60 1.5 2024
6 72 0.35 1933
6 72 0.35 2024
6 72 1.5 1933
6 72 1.5 2024
7 60 0.35 1933
7 60 0.35 2024
7 60 1.5 1933
7 60 1.5 2024
7 72 0.35 1933
7 72 0.35 2024
7 72 1.5 1933
7 72 1.5 2024
8 60 0.35 1933
8 60 0.35 2024
8 60 1.5 1933
8 60 1.5 2024
8 67 0.35 1933
8 67 0.35 2024
8 67 1.5 1933
8 67 1.5 2024
8 72 0.35 1933
8 72 0.35 2024
8 72 1.5 1933
8 72 1.5 2024
8 74 0.35 1933
8 74 0.35 2024
8 74 1.5 1933
8 74 1.5 2024
8 76 0.35 1933
8 76 0.35 2024
8 76 1.5 1933
8 76 1.5 2024
8 79 0.35 1933
8 79 0.35 2024
8 79 1.5 1933
8 79 1.5 2024
9 60 0.35 1933
9 60 0.35 2024
9 60 1.5 1933
9 60 1.5 2024
9 72 0.35 1933
9 72 0.35 2024
9 72 1.5 1933
9 72 1.5 2024
9 74 0.35 1933
9 74 0.35 2024
9 74 1.5 1933
9 74 1.5 2024
9 76 0.35 1933
9 76 0.35 2024
9 76 1.5 1933
9 76 1.5 2024
10 60 0.35 1933
10 60 0.35 2024
10 60 1.5 1933
10 60 1.5 2024
10 76 0.35 1933
10 76 0.35 2024
10 76 1.5 1933
10 76 1.5 2024
10 79 0.35 1933
10 79 0.35 2024
10 79 1.5 1933
10 79 1.5 2024
10 81 0.35 1933
10 81 0.35 2024
10 81 1.5 1933
10 81 1.5 2024
10 83 0.35 1933
10 83 0.35 2024
10 83 1.5 1933
10 83 1.5 2024
11 47 0.35 1933
11 47 0.35 2024
11 47 1.5 1933
11 47 1.5 2024
11 57 0.35 1933
11 57 0.35 2024
11 57 1.5 1933
11 57 1.5 2024
11 60 0.35 1933
11 60 0.35 2024
11 60 1.5 1933
11 60 1.5 2024
11 66 0.35 1933
11 66 0.35 2024
11 66 1.5 1933
11 66 1.5 2024
11 76 0.35 1933
11 76 0.35 2024
11 76 1.5 1933
11 76 1.5 2024
11 83 0.35 1933
11 83 0.35 2024
11 83 1.5 1933
11 83 1.5 2024
12 60 0.35 1933
12 60 0.35 2024
12 60 1.5 1933
12 60 1.5 2024
12 65 0.35 1933
12 65 0.35 2024
12 65 1.5 1933
12 65 1.5 2024
12 71 0.35 1933
12 71 0.35 2024
12 71 1.5 1933
12 71 1.5 2024
12 77 0.35 1933
12 77 0.35 2024
12 77 1.5 1933
12 77 1.5 2024
12 83 0.35 1933
12 83 0.35 2024
12 83 1.5 1933
12 83 1.5 2024
13 60 0.35 1933
13 60 0.35 2024
13 60 1.5 1933
13 60 1.5 2024
13 72 0.35 1933
13 72 0.35 2024
13 72 1.5 1933
13 72 1.5 2024
13 74 0.35 1933
13 74 0.35 2024
13 74 1.5 1933
13 74 1.5 2024
13 76 0.35 1933
13 76 0.35 2024
13 76 1.5 1933
13 76 1.5 2024
13 77 0.35 1933
13 77 0.35 2024
13 77 1.5 1933
13 77 1.5 2024
14 60 0.35 1933
14 60 0.35 2024
14 60 1.5 1933
14 60 1.5 2024
14 74 0.35 1933
14 74 0.35 2024
14 74 1.5 1933
14 74 1.5 2024
14 76 0.35 1933
14 76 0.35 2024
14 76 1.5 1933
14 76 1.5 2024
14 79 0.35 1933
14 79 0.35 2024
14 79 1.5 1933
14 79 1.5 2024
14 83 0.35 1933
14 83 0.35 2024
14 83 1.5 1933
14 83 1.5 2024
15 60 0.35 1933
15 60 0.35 2024
15 60 1.5 1933
15 60 1.5 2024
15 72 0.35 1933
15 72 0.35 2024
15 72 1.5 1933
15 72 1.5 2024
15 74 0.35 1933
15 74 0.35 2024
15 74 1.5 1933
15 74 1.5 2024
15 76 0.35 1933
15 76 0.35 2024
15 76 1.5 1933
15 76 1.5 2024
15 79 0.35 1933
15 79 0.35 2024
15 79 1.5 1933
15 79 1.5 2024
16 59 0.35 1933
16 59 0.35 2024
16 59 1.5 1933
16 59 1.5 2024
16 60 0.35 1933
16 60 0.35 2024
16 60 1.5 1933
16 60 1.5 2024
16 61 0.35 1933
16 61 0.35 2024
16 61 1.5 1933
16 61 1.5 2024
17 60 0.35 1933
17 60 0.35 2024
17 60 1.5 1933
17 60 1.5 2024
17 63 0.35 1933
17 63 0.35 2024
17 63 1.5 1933
17 63 1.5 2024
17 65 0.35 1933
17 65 0.35 2024
17 65 1.5 1933
17 65 1.5 2024
18 60 0.35 1933
18 60 0.35 2024
18 60 1.5 1933
18 60 1.5 2024
18 67 0.35 1933
18 67 0.35 2024
18 67 1.5 1933
18 67 1.5 2024
19 60 0.35 1933
19 60 0.35 2024
19 60 1.5 1933
19 60 1.5 2024
19 69 0.35 1933
19 69 0.35 2024
19 69 1.5 1933
19 69 1.5 2024
19 71 0.35 1933
19 71 0.35 2024
19 71 1.5 1933
19 71 1.5 2024
20 60 0.35 1933
20 60 0.35 2024
20 60 1.5 1933
20 60 1.5 2024
20 73 0.35 1933
20 73 0.35 2024
20 73 1.5 1933
20 73 1.5 2024
20 75 0.35 1933
20 75 0.35 2024
20 75 1.5 1933
20 75 1.5 2024
21 60 0.35 1933
21 60 0.35 2024
21 60 1.5 1933
21 60 1.5 2024
21 77 0.35 1933
21 77 0.35 2024
21 77 1.5 1933
21 77 1.5 2024
22 60 0.35 1933
22 60 0.35 2024
22 60 1.5 1933
22 60 1.5 2024
22 67 0.35 1933
22 67 0.35 2024
22 67 1.5 1933
22 67 1.5 2024
22 72 0.35 1933
22 72 0.35 2024
22 72 1.5 1933
22 72 1.5 2024
22 75 0.35 1933
22 75 0.35 2024
22 75 1.5 1933
22 75 1.5 2024
22 84 0.35 1933
22 84 0.35 2024
22 84 1.5 1933
22 84 1.5 2024
23 60 0.35 1933
23 60 0.35 2024
23 60 1.5 1933
23 60 1.5 2024
24 47 0.35 1933
24 47 0.35 2024
24 47 1.5 1933
24 47 1.5 2024
24 55 0.35 1933
24 55 0.35 2024
24 55 1.5 1933
24 55 1.5 2024
24 60 0.35 1933
24 60 0.35 2024
24 60 1.5 1933
24 60 1.5 2024
24 62 0.35 1933
24 62 0.35 2024
24 62 1.5 1933
24 62 1.5 2024
24 69 0.35 1933
24 69 0.35 2024
24 69 1.5 1933
24 69 1.5 2024
24 79 0.35 1933
24 79 0.35 2024
24 79 1.5 1933
24 79 1.5 2024
25 60 0.35 1933
25 60 0.35 2024
25 60 1.5 1933
25 60 1.5 2024
25 65 0.35 1933
25 65 0.35 2024
25 65 1.5 1933
25 65 1.5 2024
25 71 0.35 1933
25 71 0.35 2024
25 71 1.5 1933
25 71 1.5 2024
25 76 0.35 1933
25 76 0.35 2024
25 76 1.5 1933
25 76 1.5 2024
25 83 0.35 1933
25 83 0.35 2024
25 83 1.5 1933
25 83 1.5 2024
26 60 0.35 1933
26 60 0.35 2024
26 60 1.5 1933
26 60 1.5 2024
26 62 0.35 1933
26 62 0.35 2024
26 62 1.5 1933
26 62 1.5 2024
26 65 0.35 1933
26 65 0.35 2024
26 65 1.5 1933
26 65 1.5 2024
26 69 0.35 1933
26 69 0.35 2024
26 69 1.5 1933
26 69 1.5 2024
26 72 0.35 1933
26 72 0.35 2024
26 72 1.5 1933
26 72 1.5 2024
26 79 0.35 1933
26 79 0.35 2024
26 79 1.5 1933
26 79 1.5 2024
27 60 0.35 1933
27 60 0.35 2024
27 60 1.5 1933
27 60 1.5 2024
27 65 0.35 1933
27 65 0.35 2024
27 65 1.5 1933
27 65 1.5 2024
27 69 0.35 1933
27 69 0.35 2024
27 69 1.5 1933
27 69 1.5 2024
27 72 0.35 1933
27 72 0.35 2024
27 72 1.5 1933
27 72 1.5 2024
27 76 0.35 1933
27 76 0.35 2024
27 76 1.5 1933
27 76 1.5 2024
28 47 0.35 1933
28 47 0.35 2024
28 47 1.5 1933
28 47 1.5 2024
28 57 0.35 1933
28 57 0.35 2024
28 57 1.5 1933
28 57 1.5 2024
28 60 0.35 1933
28 60 0.35 2024
28 60 1.5 1933
28 60 1.5 2024
28 64 0.35 1933
28 64 0.35 2024
28 64 1.5 1933
28 64 1.5 2024
28 72 0.35 1933
28 72 0.35 2024
28 72 1.5 1933
28 72 1.5 2024
28 79 0.35 1933
28 79 0.35 2024
28 79 1.5 1933
28 79 1.5 2024
29 60 0.35 1933
29 60 0.35 2024
29 60 1.5 1933
29 60 1.5 2024
29 69 0.35 1933
29 69 0.35 2024
29 69 1.5 1933
29 69 1.5 2024
29 72 0.35 1933
29 72 0.35 2024
29 72 1.5 1933
29 72 1.5 2024
29 76 0.35 1933
29 76 0.35 2024
29 76 1.5 1933
29 76 1.5 2024
29 79 0.35 1933
29 79 0.35 2024
29 79 1.5 1933
29 79 1.5 2024
30 55 0.35 1933
30 55 0.35 2024
30 55 1.5 1933
30 55 1.5 2024
30 60 0.35 1933
30 60 0.35 2024
30 60 1.5 1933
30 60 1.5 2024
30 62 0.35 1933
30 62 0.35 2024
30 62 1.5 1933
30 62 1.5 2024
30 67 0.35 1933
30 67 0.35 2024
30 67 1.5 1933
30 67 1.5 2024
30 74 0.35 1933
30 74 0.35 2024
30 74 1.5 1933
30 74 1.5 2024
30 79 0.35 1933
30 79 0.35 2024
30 79 1.5 1933
30 79 1.5 2024
31 60 0.35 1933
31 60 0.35 2024
31 60 1.5 1933
31 60 1.5 2024
31 65 0.35 1933
31 65 0.35 2024
31 65 1.5 1933
31 65 1.5 2024
31 71 0.35 1933
31 71 0.35 2024
31 71 1.5 1933
31 71 1.5 2024
31 74 0.35 1933
31 74 0.35 2024
31 74 1.5 1933
31 74 1.5 2024
31 83 0.35 1933
31 83 0.35 2024
31 83 1.5 1933
31 83 1.5 2024
32 41 0.35 1933
32 41 0.35 2024
32 41 1.5 1933
32 41 1.5 2024
32 43 0.35 1933
32 43 0.35 2024
32 43 1.5 1933
32 43 1.5 2024
32 45 0.35 1933
32 45 0.35 2024
32 45 1.5 1933
32 45 1.5 2024
32 47 0.35 1933
32 47 0.35 2024
32 47 1.5 1933
32 47 1.5 2024
32 50 0.35 1933
32 50 0.35 2024
32 50 1.5 1933
32 50 1.5 2024
32 60 0.35 1933
32 60 0.35 2024
32 60 1.5 1933
32 60 1.5 2024
33 41 0.35 1933
33 41 0.35 2024
33 41 1.5 1933
33 41 1.5 2024
33 44 0.35 1933
33 44 0.35 2024
33 44 1.5 1933
33 44 1.5 2024
33 47 0.35 1933
33 47 0.35 2024
33 47 1.5 1933
33 47 1.5 2024
33 48 0.35 1933
33 48 0.35 2024
33 48 1.5 1933
33 48 1.5 2024
33 55 0.35 1933
33 55 0.35 2024
33 55 1.5 1933
33 55 1.5 2024
33 60 0.35 1933
33 60 0.35 2024
33 60 1.5 1933
33 60 1.5 2024
34 45 0.35 1933
34 45 0.35 2024
34 45 1.5 1933
34 45 1.5 2024
34 48 0.35 1933
34 48 0.35 2024
34 48 1.5 1933
34 48 1.5 2024
34 60 0.35 1933
34 60 0.35 2024
34 60 1.5 1933
34 60 1.5 2024
35 40 0.35 1933
35 40 0.35 2024
35 40 1.5 1933
35 40 1.5 2024
35 43 0.35 1933
35 43 0.35 2024
35 43 1.5 1933
35 43 1.5 2024
35 44 0.35 1933
35 44 0.35 2024
35 44 1.5 1933
35 44 1.5 2024
35 45 0.35 1933
35 45 0.35 2024
35 45 1.5 1933
35 45 1.5 2024
35 52 0.35 1933
35 52 0.35 2024
35 52 1.5 1933
35 52 1.5 2024
35 60 0.35 1933
35 60 0.35 2024
35 60 1.5 1933
35 60 1.5 2024
36 47 0.35 1933
36 47 0.35 2024
36 47 1.5 1933
36 47 1.5 2024
36 48 0.35 1933
36 48 0.35 2024
36 48 1.5 1933
36 48 1.5 2024
36 55 0.35 1933
36 55 0.35 2024
36 55 1.5 1933
36 55 1.5 2024
36 60 0.35 1933
36 60 0.35 2024
36 60 1.5 1933
36 60 1.5 2024
37 44 0.35 1933
37 44 0.35 2024
37 44 1.5 1933
37 44 1.5 2024
37 45 0.35 1933
37 45 0.35 2024
37 45 1.5 1933
37 45 1.5 2024
37 52 0.35 1933
37 52 0.35 2024
37 52 1.5 1933
37 52 1.5 2024
37 60 0.35 1933
37 60 0.35 2024
37 60 1.5 1933
37 60 1.5 2024
38 36 0.35 1933
38 36 0.35 2024
38 36 1.5 1933
38 36 1.5 2024
38 43 0.35 1933
38 43 0.35 2024
38 43 1.5 1933
38 43 1.5 2024
38 47 0.35 1933
38 47 0.35 2024
38 47 1.5 1933
38 47 1.5 2024
38 50 0.35 1933
38 50 0.35 2024
38 50 1.5 1933
38 50 1.5 2024
38 55 0.35 1933
38 55 0.35 2024
38 55 1.5 1933
38 55 1.5 2024
38 60 0.35 1933
38 60 0.35 2024
38 60 1.5 1933
38 60 1.5 2024
39 41 0.35 1933
39 41 0.35 2024
39 41 1.5 1933
39 41 1.5 2024
39 43 0.35 1933
39 43 0.35 2024
39 43 1.5 1933
39 43 1.5 2024
39 45 0.35 1933
39 45 0.35 2024
39 45 1.5 1933
39 45 1.5 2024
39 47 0.35 1933
39 47 0.35 2024
39 47 1.5 1933
39 47 1.5 2024
39 50 0.35 1933
39 50 0.35 2024
39 50 1.5 1933
39 50 1.5 2024
39 60 0.35 1933
39 60 0.35 2024
39 60 1.5 1933
39 60 1.5 2024
40 57 0.35 1933
40 57 0.35 2024
40 57 1.5 1933
40 57 1.5 2024
40 60 0.35 1933
40 60 0.35 2024
40 60 1.5 1933
40 60 1.5 2024
40 62 0.35 1933
40 62 0.35 2024
40 62 1.5 1933
40 62 1.5 2024
40 65 0.35 1933
40 65 0.35 2024
40 65 1.5 1933
40 65 1.5 2024
40 69 0.35 1933
40 69 0.35 2024
40 69 1.5 1933
40 69 1.5 2024
40 72 0.35 1933
40 72 0.35 2024
40 72 1.5 1933
40 72 1.5 2024
41 57 0.35 1933
41 57 0.35 2024
41 57 1.5 1933
41 57 1.5 2024
41 60 0.35 1933
41 60 0.35 2024
41 60 1.5 1933
41 60 1.5 2024
41 65 0.35 1933
41 65 0.35 2024
41 65 1.5 1933
41 65 1.5 2024
41 72 0.35 1933
41 72 0.35 2024
41 72 1.5 1933
41 72 1.5 2024
41 77 0.35 1933
41 77 0.35 2024
41 77 1.5 1933
41 77 1.5 2024
41 83 0.35 1933
41 83 0.35 2024
41 83 1.5 1933
41 83 1.5 2024
42 57 0.35 1933
42 57 0.35 2024
42 57 1.5 1933
42 57 1.5 2024
42 60 0.35 1933
42 60 0.35 2024
42 60 1.5 1933
42 60 1.5 2024
42 65 0.35 1933
42 65 0.35 2024
42 65 1.5 1933
42 65 1.5 2024
42 71 0.35 1933
42 71 0.35 2024
42 71 1.5 1933
42 71 1.5 2024
42 76 0.35 1933
42 76 0.35 2024
42 76 1.5 1933
42 76 1.5 2024
42 83 0.35 1933
42 83 0.35 2024
42 83 1.5 1933
42 83 1.5 2024
43 57 0.35 1933
43 57 0.35 2024
43 57 1.5 1933
43 57 1.5 2024
43 60 0.35 1933
43 60 0.35 2024
43 60 1.5 1933
43 60 1.5 2024
43 65 0.35 1933
43 65 0.35 2024
43 65 1.5 1933
43 65 1.5 2024
43 71 0.35 1933
43 71 0.35 2024
43 71 1.5 1933
43 71 1.5 2024
43 76 0.35 1933
43 76 0.35 2024
43 76 1.5 1933
43 76 1.5 2024
43 84 0.35 1933
43 84 0.35 2024
43 84 1.5 1933
43 84 1.5 2024
44 57 0.35 1933
44 57 0.35 2024
44 57 1.5 1933
44 57 1.5 2024
44 60 0.35 1933
44 60 0.35 2024
44 60 1.5 1933
44 60 1.5 2024
44 64 0.35 1933
44 64 0.35 2024
44 64 1.5 1933
44 64 1.5 2024
44 69 0.35 1933
44 69 0.35 2024
44 69 1.5 1933
44 69 1.5 2024
44 72 0.35 1933
44 72 0.35 2024
44 72 1.5 1933
44 72 1.5 2024
44 77 0.35 1933
44 77 0.35 2024
44 77 1.5 1933
44 77 1.5 2024
45 57 0.35 1933
45 57 0.35 2024
45 57 1.5 1933
45 57 1.5 2024
45 60 0.35 1933
45 60 0.35 2024
45 60 1.5 1933
45 60 1.5 2024
45 65 0.35 1933
45 65 0.35 2024
45 65 1.5 1933
45 65 1.5 2024
45 70 0.35 1933
45 70 0.35 2024
45 70 1.5 1933
45 70 1.5 2024
45 75 0.35 1933
45 75 0.35 2024
45 75 1.5 1933
45 75 1.5 2024
45 83 0.35 1933
45 83 0.35 2024
45 83 1.5 1933
45 83 1.5 2024
46 45 0.35 1933
46 45 0.35 2024
46 45 1.5 1933
46 45 1.5 2024
46 60 0.35 1933
46 60 0.35 2024
46 60 1.5 1933
46 60 1.5 2024
46 64 0.35 1933
46 64 0.35 2024
46 64 1.5 1933
46 64 1.5 2024
46 69 0.35 1933
46 69 0.35 2024
46 69 1.5 1933
46 69 1.5 2024
46 74 0.35 1933
46 74 0.35 2024
46 74 1.5 1933
46 74 1.5 2024
46 83 0.35 1933
46 83 0.35 2024
46 83 1.5 1933
46 83 1.5 2024
47 48 0.35 1933
47 48 0.35 2024
47 48 1.5 1933
47 48 1.5 2024
47 60 0.35 1933
47 60 0.35 2024
47 60 1.5 1933
47 60 1.5 2024
48 50 0.35 1933
48 50 0.35 2024
48 50 1.5 1933
48 50 1.5 2024
48 59 0.35 1933
48 59 0.35 2024
48 59 1.5 1933
48 59 1.5 2024
48 60 0.35 1933
48 60 0.35 2024
48 60 1.5 1933
48 60 1.5 2024
48 67 0.35 1933
48 67 0.35 2024
48 67 1.5 1933
48 67 1.5 2024
48 74 0.35 1933
48 74 0.35 2024
48 74 1.5 1933
48 74 1.5 2024
48 82 0.35 1933
48 82 0.35 2024
48 82 1.5 1933
48 82 1.5 2024
49 53 0.35 1933
49 53 0.35 2024
49 53 1.5 1933
49 53 1.5 2024
49 60 0.35 1933
49 60 0.35 2024
49 60 1.5 1933
49 60 1.5 2024
49 62 0.35 1933
49 62 0.35 2024
49 62 1.5 1933
49 62 1.5 2024
49 69 0.35 1933
49 69 0.35 2024
49 69 1.5 1933
49 69 1.5 2024
49 76 0.35 1933
49 76 0.35 2024
49 76 1.5 1933
49 76 1.5 2024
49 82 0.35 1933
49 82 0.35 2024
49 82 1.5 1933
49 82 1.5 2024
50 50 0.35 1933
50 50 0.35 2024
50 50 1.5 1933
50 50 1.5 2024
50 60 0.35 1933
50 60 0.35 2024
50 60 1.5 1933
50 60 1.5 2024
50 67 0.35 1933
50 67 0.35 2024
50 67 1.5 1933
50 67 1.5 2024
50 74 0.35 1933
50 74 0.35 2024
50 74 1.5 1933
50 74 1.5 2024
50 81 0.35 1933
50 81 0.35 2024
50 81 1.5 1933
50 81 1.5 2024
51 50 0.35 1933
51 50 0.35 2024
51 50 1.5 1933
51 50 1.5 2024
51 60 0.35 1933
51 60 0.35 2024
51 60 1.5 1933
51 60 1.5 2024
51 67 0.35 1933
51 67 0.35 2024
51 67 1.5 1933
51 67 1.5 2024
51 76 0.35 1933
51 76 0.35 2024
51 76 1.5 1933
51 76 1.5 2024
51 82 0.35 1933
51 82 0.35 2024
51 82 1.5 1933
51 82 1.5 2024
52 50 0.35 1933
52 50 0.35 2024
52 50 1.5 1933
52 50 1.5 2024
52 60 0.35 1933
52 60 0.35 2024
52 60 1.5 1933
52 60 1.5 2024
52 67 0.35 1933
52 67 0.35 2024
52 67 1.5 1933
52 67 1.5 2024
52 72 0.35 1933
52 72 0.35 2024
52 72 1.5 1933
52 72 1.5 2024
52 79 0.35 1933
52 79 0.35 2024
52 79 1.5 1933
52 79 1.5 2024
53 50 0.35 1933
53 50 0.35 2024
53 50 1.5 1933
53 50 1.5 2024
53 60 0.35 1933
53 60 0.35 2024
53 60 1.5 1933
53 60 1.5 2024
53 67 0.35 1933
53 67 0.35 2024
53 67 1.5 1933
53 67 1.5 2024
53 72 0.35 1933
53 72 0.35 2024
53 72 1.5 1933
53 72 1.5 2024
53 79 0.35 1933
53 79 0.35 2024
53 79 1.5 1933
53 79 1.5 2024
54 53 0.35 1933
54 53 0.35 2024
54 53 1.5 1933
54 53 1.5 2024
54 60 0.35 1933
54 60 0.35 2024
54 60 1.5 1933
54 60 1.5 2024
54 62 0.35 1933
54 62 0.35 2024
54 62 1.5 1933
54 62 1.5 2024
54 67 0.35 1933
54 67 0.35 2024
54 67 1.5 1933
54 67 1.5 2024
54 72 0.35 1933
54 72 0.35 2024
54 72 1.5 1933
54 72 1.5 2024
54 79 0.35 1933
54 79 0.35 2024
54 79 1.5 1933
54 79 1.5 2024
55 60 0.35 1933
55 60 0.35 2024
55 60 1.5 1933
55 60 1.5 2024
56 60 0.35 1933
56 60 0.35 2024
56 60 1.5 1933
56 60 1.5 2024
56 71 0.35 1933
56 71 0.35 2024
56 71 1.5 1933
56 71 1.5 2024
56 74 0.35 1933
56 74 0.35 2024
56 74 1.5 1933
56 74 1.5 2024
56 79 0.35 1933
56 79 0.35 2024
56 79 1.5 1933
56 79 1.5 2024
56 81 0.35 1933
56 81 0.35 2024
56 81 1.5 1933
56 81 1.5 2024
56 83 0.35 1933
56 83 0.35 2024
56 83 1.5 1933
56 83 1.5 2024
57 60 0.35 1933
57 60 0.35 2024
57 60 1.5 1933
57 60 1.5 2024
57 74 0.35 1933
57 74 0.35 2024
57 74 1.5 1933
57 74 1.5 2024
57 78 0.35 1933
57 78 0.35 2024
57 78 1.5 1933
57 78 1.5 2024
57 79 0.35 1933
57 79 0.35 2024
57 79 1.5 1933
57 79 1.5 2024
57 81 0.35 1933
57 81 0.35 2024
57 81 1.5 1933
57 81 1.5 2024
57 83 0.35 1933
57 83 0.35 2024
57 83 1.5 1933
57 83 1.5 2024
58 55 0.35 1933
58 55 0.35 2024
58 55 1.5 1933
58 55 1.5 2024
58 60 0.35 1933
58 60 0.35 2024
58 60 1.5 1933
58 60 1.5 2024
58 62 0.35 1933
58 62 0.35 2024
58 62 1.5 1933
58 62 1.5 2024
58 71 0.35 1933
58 71 0.35 2024
58 71 1.5 1933
58 71 1.5 2024
58 78 0.35 1933
58 78 0.35 2024
58 78 1.5 1933
58 78 1.5 2024
58 83 0.35 1933
58 83 0.35 2024
58 83 1.5 1933
58 83 1.5 2024
59 55 0.35 1933
59 55 0.35 2024
59 55 1.5 1933
59 55 1.5 2024
59 60 0.35 1933
59 60 0.35 2024
59 60 1.5 1933
59 60 1.5 2024
59 62 0.35 1933
59 62 0.35 2024
59 62 1.5 1933
59 62 1.5 2024
59 71 0.35 1933
59 71 0.35 2024
59 71 1.5 1933
59 71 1.5 2024
59 81 0.35 1933
59 81 0.35 2024
59 81 1.5 1933
59 81 1.5 2024
59 86 0.35 1933
59 86 0.35 2024
59 86 1.5 1933
59 86 1.5 2024
60 55 0.35 1933
60 55 0.35 2024
60 55 1.5 1933
60 55 1.5 2024
60 60 0.35 1933
60 60 0.35 2024
60 60 1.5 1933
60 60 1.5 2024
60 62 0.35 1933
60 62 0.35 2024
60 62 1.5 1933
60 62 1.5 2024
60 71 0.35 1933
60 71 0.35 2024
60 71 1.5 1933
60 71 1.5 2024
60 81 0.35 1933
60 81 0.35 2024
60 81 1.5 1933
60 81 1.5 2024
60 86 0.35 1933
60 86 0.35 2024
60 86 1.5 1933
60 86 1.5 2024
61 55 0.35 1933
61 55 0.35 2024
61 55 1.5 1933
61 55 1.5 2024
61 60 0.35 1933
61 60 0.35 2024
61 60 1.5 1933
61 60 1.5 2024
61 62 0.35 1933
61 62 0.35 2024
61 62 1.5 1933
61 62 1.5 2024
61 71 0.35 1933
61 71 0.35 2024
61 71 1.5 1933
61 71 1.5 2024
61 83 0.35 1933
61 83 0.35 2024
61 83 1.5 1933
61 83 1.5 2024
61 90 0.35 1933
61 90 0.35 2024
61 90 1.5 1933
61 90 1.5 2024
62 55 0.35 1933
62 55 0.35 2024
62 55 1.5 1933
62 55 1.5 2024
62 60 0.35 1933
62 60 0.35 2024
62 60 1.5 1933
62 60 1.5 2024
62 62 0.35 1933
62 62 0.35 2024
62 62 1.5 1933
62 62 1.5 2024
62 71 0.35 1933
62 71 0.35 2024
62 71 1.5 1933
62 71 1.5 2024
62 79 0.35 1933
62 79 0.35 2024
62 79 1.5 1933
62 79 1.5 2024
62 83 0.35 1933
62 83 0.35 2024
62 83 1.5 1933
62 83 1.5 2024
63 60 0.35 1933
63 60 0.35 2024
63 60 1.5 1933
63 60 1.5 2024
63 67 0.35 1933
63 67 0.35 2024
63 67 1.5 1933
63 67 1.5 2024
63 74 0.35 1933
63 74 0.35 2024
63 74 1.5 1933
63 74 1.5 2024
63 83 0.35 1933
63 83 0.35 2024
63 83 1.5 1933
63 83 1.5 2024
63 86 0.35 1933
63 86 0.35 2024
63 86 1.5 1933
63 86 1.5 2024
63 91 0.35 1933
63 91 0.35 2024
63 91 1.5 1933
63 91 1.5 2024
64 60 0.35 1933
64 60 0.35 2024
64 60 1.5 1933
64 60 1.5 2024
64 74 0.35 1933
64 74 0.35 2024
64 74 1.5 1933
64 74 1.5 2024
64 76 0.35 1933
64 76 0.35 2024
64 76 1.5 1933
64 76 1.5 2024
64 77 0.35 1933
64 77 0.35 2024
64 77 1.5 1933
64 77 1.5 2024
64 79 0.35 1933
64 79 0.35 2024
64 79 1.5 1933
64 79 1.5 2024
64 81 0.35 1933
64 81 0.35 2024
64 81 1.5 1933
64 81 1.5 2024
65 60 0.35 1933
65 60 0.35 2024
65 60 1.5 1933
65 60 1.5 2024
65 71 0.35 1933
65 71 0.35 2024
65 71 1.5 1933
65 71 1.5 2024
65 74 0.35 1933
65 74 0.35 2024
65 74 1.5 1933
65 74 1.5 2024
65 76 0.35 1933
65 76 0.35 2024
65 76 1.5 1933
65 76 1.5 2024
65 77 0.35 1933
65 77 0.35 2024
65 77 1.5 1933
65 77 1.5 2024
65 81 0.35 1933
65 81 0.35 2024
65 81 1.5 1933
65 81 1.5 2024
66 60 0.35 1933
66 60 0.35 2024
66 60 1.5 1933
66 60 1.5 2024
66 68 0.35 1933
66 68 0.35 2024
66 68 1.5 1933
66 68 1.5 2024
66 71 0.35 1933
66 71 0.35 2024
66 71 1.5 1933
66 71 1.5 2024
66 72 0.35 1933
66 72 0.35 2024
66 72 1.5 1933
66 72 1.5 2024
66 74 0.35 1933
66 74 0.35 2024
66 74 1.5 1933
66 74 1.5 2024
66 77 0.35 1933
66 77 0.35 2024
66 77 1.5 1933
66 77 1.5 2024
67 60 0.35 1933
67 60 0.35 2024
67 60 1.5 1933
67 60 1.5 2024
67 69 0.35 1933
67 69 0.35 2024
67 69 1.5 1933
67 69 1.5 2024
67 71 0.35 1933
67 71 0.35 2024
67 71 1.5 1933
67 71 1.5 2024
67 72 0.35 1933
67 72 0.35 2024
67 72 1.5 1933
67 72 1.5 2024
67 76 0.35 1933
67 76 0.35 2024
67 76 1.5 1933
67 76 1.5 2024
67 77 0.35 1933
67 77 0.35 2024
67 77 1.5 1933
67 77 1.5 2024
68 60 0.35 1933
68 60 0.35 2024
68 60 1.5 1933
68 60 1.5 2024
68 71 0.35 1933
68 71 0.35 2024
68 71 1.5 1933
68 71 1.5 2024
68 74 0.35 1933
68 74 0.35 2024
68 74 1.5 1933
68 74 1.5 2024
68 76 0.35 1933
68 76 0.35 2024
68 76 1.5 1933
68 76 1.5 2024
68 77 0.35 1933
68 77 0.35 2024
68 77 1.5 1933
68 77 1.5 2024
68 81 0.35 1933
68 81 0.35 2024
68 81 1.5 1933
68 81 1.5 2024
69 60 0.35 1933
69 60 0.35 2024
69 60 1.5 1933
69 60 1.5 2024
69 74 0.35 1933
69 74 0.35 2024
69 74 1.5 1933
69 74 1.5 2024
69 76 0.35 1933
69 76 0.35 2024
69 76 1.5 1933
69 76 1.5 2024
69 77 0.35 1933
69 77 0.35 2024
69 77 1.5 1933
69 77 1.5 2024
69 79 0.35 1933
69 79 0.35 2024
69 79 1.5 1933
69 79 1.5 2024
69 81 0.35 1933
69 81 0.35 2024
69 81 1.5 1933
69 81 1.5 2024
70 60 0.35 1933
70 60 0.35 2024
70 60 1.5 1933
70 60 1.5 2024
70 69 0.35 1933
70 69 0.35 2024
70 69 1.5 1933
70 69 1.5 2024
70 71 0.35 1933
70 71 0.35 2024
70 71 1.5 1933
70 71 1.5 2024
70 72 0.35 1933
70 72 0.35 2024
70 72 1.5 1933
70 72 1.5 2024
70 76 0.35 1933
70 76 0.35 2024
70 76 1.5 1933
70 76 1.5 2024
70 77 0.35 1933
70 77 0.35 2024
70 77 1.5 1933
70 77 1.5 2024
71 60 0.35 1933
71 60 0.35 2024
71 60 1.5 1933
71 60 1.5 2024
71 69 0.35 1933
71 69 0.35 2024
71 69 1.5 1933
71 69 1.5 2024
71 71 0.35 1933
71 71 0.35 2024
71 71 1.5 1933
71 71 1.5 2024
71 72 0.35 1933
71 72 0.35 2024
71 72 1.5 1933
71 72 1.5 2024
71 76 0.35 1933
71 76 0.35 2024
71 76 1.5 1933
71 76 1.5 2024
71 77 0.35 1933
71 77 0.35 2024
71 77 1.5 1933
71 77 1.5 2024
72 60 0.35 1933
72 60 0.35 2024
72 60 1.5 1933
72 60 1.5 2024
72 72 0.35 1933
72 72 0.35 2024
72 72 1.5 1933
72 72 1.5 2024
72 74 0.35 1933
72 74 0.35 2024
72 74 1.5 1933
72 74 1.5 2024
72 76 0.35 1933
72 76 0.35 2024
72 76 1.5 1933
72 76 1.5 2024
72 79 0.35 1933
72 79 0.35 2024
72 79 1.5 1933
72 79 1.5 2024
73 60 0.35 1933
73 60 0.35 2024
73 60 1.5 1933
73 60 1.5 2024
73 69 0.35 1933
73 69 0.35 2024
73 69 1.5 1933
73 69 1.5 2024
73 74 0.35 1933
73 74 0.35 2024
73 74 1.5 1933
73 74 1.5 2024
73 77 0.35 1933
73 77 0.35 2024
73 77 1.5 1933
73 77 1.5 2024
73 79 0.35 1933
73 79 0.35 2024
73 79 1.5 1933
73 79 1.5 2024
73 83 0.35 1933
73 83 0.35 2024
73 83 1.5 1933
73 83 1.5 2024
74 60 0.35 1933
74 60 0.35 2024
74 60 1.5 1933
74 60 1.5 2024
74 74 0.35 1933
74 74 0.35 2024
74 74 1.5 1933
74 74 1.5 2024
74 76 0.35 1933
74 76 0.35 2024
74 76 1.5 1933
74 76 1.5 2024
74 79 0.35 1933
74 79 0.35 2024
74 79 1.5 1933
74 79 1.5 2024
75 60 0.35 1933
75 60 0.35 2024
75 60 1.5 1933
75 60 1.5 2024
75 72 0.35 1933
75 72 0.35 2024
75 72 1.5 1933
75 72 1.5 2024
75 74 0.35 1933
75 74 0.35 2024
75 74 1.5 1933
75 74 1.5 2024
75 76 0.35 1933
75 76 0.35 2024
75 76 1.5 1933
75 76 1.5 2024
75 79 0.35 1933
75 79 0.35 2024
75 79 1.5 1933
75 79 1.5 2024
76 60 0.35 1933
76 60 0.35 2024
76 60 1.5 1933
76 60 1.5 2024
76 72 0.35 1933
76 72 0.35 2024
76 72 1.5 1933
76 72 1.5 2024
76 74 0.35 1933
76 74 0.35 2024
76 74 1.5 1933
76 74 1.5 2024
76 76 0.35 1933
76 76 0.35 2024
76 76 1.5 1933
76 76 1.5 2024
77 60 0.35 1933
77 60 0.35 2024
77 60 1.5 1933
77 60 1.5 2024
77 72 0.35 1933
77 72 0.35 2024
77 72 1.5 1933
77 72 1.5 2024
77 76 0.35 1933
77 76 0.35 2024
77 76 1.5 1933
77 76 1.5 2024
77 79 0.35 1933
77 79 0.35 2024
77 79 1.5 1933
77 79 1.5 2024
78 60 0.35 1933
78 60 0.35 2024
78 60 1.5 1933
78 60 1.5 2024
78 72 0.35 1933
78 72 0.35 2024
78 72 1.5 1933
78 72 1.5 2024
78 74 0.35 1933
78 74 0.35 2024
78 74 1.5 1933
78 74 1.5 2024
78 76 0.35 1933
78 76 0.35 2024
78 76 1.5 1933
78 76 1.5 2024
79 60 0.35 1933
79 60 0.35 2024
79 60 1.5 1933
79 60 1.5 2024
79 62 0.35 1933
79 62 0.35 2024
79 62 1.5 1933
79 62 1.5 2024
79 64 0.35 1933
79 64 0.35 2024
79 64 1.5 1933
79 64 1.5 2024
79 65 0.35 1933
79 65 0.35 2024
79 65 1.5 1933
79 65 1.5 2024
79 67 0.35 1933
79 67 0.35 2024
79 67 1.5 1933
79 67 1.5 2024
80 53 0.35 1933
80 53 0.35 2024
80 53 1.5 1933
80 53 1.5 2024
80 60 0.35 1933
80 60 0.35 2024
80 60 1.5 1933
80 60 1.5 2024
80 64 0.35 1933
80 64 0.35 2024
80 64 1.5 1933
80 64 1.5 2024
80 65 0.35 1933
80 65 0.35 2024
80 65 1.5 1933
80 65 1.5 2024
80 69 0.35 1933
80 69 0.35 2024
80 69 1.5 1933
80 69 1.5 2024
81 53 0.35 1933
81 53 0.35 2024
81 53 1.5 1933
81 53 1.5 2024
81 60 0.35 1933
81 60 0.35 2024
81 60 1.5 1933
81 60 1.5 2024
81 66 0.35 1933
81 66 0.35 2024
81 66 1.5 1933
81 66 1.5 2024
81 71 0.35 1933
81 71 0.35 2024
81 71 1.5 1933
81 71 1.5 2024
81 79 0.35 1933
81 79 0.35 2024
81 79 1.5 1933
81 79 1.5 2024
82 60 0.35 1933
82 60 0.35 2024
82 60 1.5 1933
82 60 1.5 2024
82 65 0.35 1933
82 65 0.35 2024
82 65 1.5 1933
82 65 1.5 2024
82 72 0.35 1933
82 72 0.35 2024
82 72 1.5 1933
82 72 1.5 2024
82 76 0.35 1933
82 76 0.35 2024
82 76 1.5 1933
82 76 1.5 2024
82 77 0.35 1933
82 77 0.35 2024
82 77 1.5 1933
82 77 1.5 2024
82 81 0.35 1933
82 81 0.35 2024
82 81 1.5 1933
82 81 1.5 2024
83 60 0.35 1933
83 60 0.35 2024
83 60 1.5 1933
83 60 1.5 2024
83 67 0.35 1933
83 67 0.35 2024
83 67 1.5 1933
83 67 1.5 2024
83 74 0.35 1933
83 74 0.35 2024
83 74 1.5 1933
83 74 1.5 2024
83 83 0.35 1933
83 83 0.35 2024
83 83 1.5 1933
83 83 1.5 2024
83 91 0.35 1933
83 91 0.35 2024
83 91 1.5 1933
83 91 1.5 2024
84 59 0.35 1933
84 59 0.35 2024
84 59 1.5 1933
84 59 1.5 2024
84 60 0.35 1933
84 60 0.35 2024
84 60 1.5 1933
84 60 1.5 2024
84 71 0.35 1933
84 71 0.35 2024
84 71 1.5 1933
84 71 1.5 2024
84 78 0.35 1933
84 78 0.35 2024
84 78 1.5 1933
84 78 1.5 2024
84 89 0.35 1933
84 89 0.35 2024
84 89 1.5 1933
84 89 1.5 2024
84 102 0.35 1933
84 102 0.35 2024
84 102 1.5 1933
84 102 1.5 2024
85 60 0.35 1933
85 60 0.35 2024
85 60 1.5 1933
85 60 1.5 2024
85 62 0.35 1933
85 62 0.35 2024
85 62 1.5 1933
85 62 1.5 2024
85 72 0.35 1933
85 72 0.35 2024
85 72 1.5 1933
85 72 1.5 2024
85 79 0.35 1933
85 79 0.35 2024
85 79 1.5 1933
85 79 1.5 2024
85 89 0.35 1933
85 89 0.35 2024
85 89 1.5 1933
85 89 1.5 2024
85 102 0.35 1933
85 102 0.35 2024
85 102 1.5 1933
85 102 1.5 2024
86 60 0.35 1933
86 60 0.35 2024
86 60 1.5 1933
86 60 1.5 2024
86 89 0.35 1933
86 89 0.35 2024
86 89 1.5 1933
86 89 1.5 2024
86 96 0.35 1933
86 96 0.35 2024
86 96 1.5 1933
86 96 1.5 2024
86 100 0.35 1933
86 100 0.35 2024
86 100 1.5 1933
86 100 1.5 2024
86 105 0.35 1933
86 105 0.35 2024
86 105 1.5 1933
86 105 1.5 2024
86 108 0.35 1933
86 108 0.35 2024
86 108 1.5 1933
86 108 1.5 2024
87 59 0.35 1933
87 59 0.35 2024
87 59 1.5 1933
87 59 1.5 2024
87 60 0.35 1933
87 60 0.35 2024
87 60 1.5 1933
87 60 1.5 2024
87 69 0.35 1933
87 69 0.35 2024
87 69 1.5 1933
87 69 1.5 2024
87 91 0.35 1933
87 91 0.35 2024
87 91 1.5 1933
87 91 1.5 2024
87 101 0.35 1933
87 101 0.35 2024
87 101 1.5 1933
87 101 1.5 2024
87 108 0.35 1933
87 108 0.35 2024
87 108 1.5 1933
87 108 1.5 2024
88 60 0.35 1933
88 60 0.35 2024
88 60 1.5 1933
88 60 1.5 2024
88 65 0.35 1933
88 65 0.35 2024
88 65 1.5 1933
88 65 1.5 2024
88 69 0.35 1933
88 69 0.35 2024
88 69 1.5 1933
88 69 1.5 2024
88 72 0.35 1933
88 72 0.35 2024
88 72 1.5 1933
88 72 1.5 2024
89 53 0.35 1933
89 53 0.35 2024
89 53 1.5 1933
89 53 1.5 2024
89 57 0.35 1933
89 57 0.35 2024
89 57 1.5 1933
89 57 1.5 2024
89 60 0.35 1933
89 60 0.35 2024
89 60 1.5 1933
89 60 1.5 2024
89 62 0.35 1933
89 62 0.35 2024
89 62 1.5 1933
89 62 1.5 2024
89 67 0.35 1933
89 67 0.35 2024
89 67 1.5 1933
89 67 1.5 2024
89 72 0.35 1933
89 72 0.35 2024
89 72 1.5 1933
89 72 1.5 2024
90 55 0.35 1933
90 55 0.35 2024
90 55 1.5 1933
90 55 1.5 2024
90 59 0.35 1933
90 59 0.35 2024
90 59 1.5 1933
90 59 1.5 2024
90 60 0.35 1933
90 60 0.35 2024
90 60 1.5 1933
90 60 1.5 2024
90 62 0.35 1933
90 62 0.35 2024
90 62 1.5 1933
90 62 1.5 2024
90 66 0.35 1933
90 66 0.35 2024
90 66 1.5 1933
90 66 1.5 2024
90 72 0.35 1933
90 72 0.35 2024
90 72 1.5 1933
90 72 1.5 2024
91 60 0.35 1933
91 60 0.35 2024
91 60 1.5 1933
91 60 1.5 2024
91 65 0.35 1933
91 65 0.35 2024
91 65 1.5 1933
91 65 1.5 2024
91 69 0.35 1933
91 69 0.35 2024
91 69 1.5 1933
91 69 1.5 2024
91 72 0.35 1933
91 72 0.35 2024
91 72 1.5 1933
91 72 1.5 2024
92 60 0.35 1933
92 60 0.35 2024
92 60 1.5 1933
92 60 1.5 2024
92 65 0.35 1933
92 65 0.35 2024
92 65 1.5 1933
92 65 1.5 2024
92 69 0.35 1933
92 69 0.35 2024
92 69 1.5 1933
92 69 1.5 2024
92 72 0.35 1933
92 72 0.35 2024
92 72 1.5 1933
92 72 1.5 2024
93 60 0.35 1933
93 60 0.35 2024
93 60 1.5 1933
93 60 1.5 2024
93 65 0.35 1933
93 65 0.35 2024
93 65 1.5 1933
93 65 1.5 2024
93 69 0.35 1933
93 69 0.35 2024
93 69 1.5 1933
93 69 1.5 2024
93 72 0.35 1933
93 72 0.35 2024
93 72 1.5 1933
93 72 1.5 2024
94 55 0.35 1933
94 55 0.35 2024
94 55 1.5 1933
94 55 1.5 2024
94 59 0.35 1933
94 59 0.35 2024
94 59 1.5 1933
94 59 1.5 2024
94 60 0.35 1933
94 60 0.35 2024
94 60 1.5 1933
94 60 1.5 2024
94 62 0.35 1933
94 62 0.35 2024
94 62 1.5 1933
94 62 1.5 2024
94 66 0.35 1933
94 66 0.35 2024
94 66 1.5 1933
94 66 1.5 2024
94 72 0.35 1933
94 72 0.35 2024
94 72 1.5 1933
94 72 1.5 2024
95 60 0.35 1933
95 60 0.35 2024
95 60 1.5 1933
95 60 1.5 2024
95 65 0.35 1933
95 65 0.35 2024
95 65 1.5 1933
95 65 1.5 2024
95 69 0.35 1933
95 69 0.35 2024
95 69 1.5 1933
95 69 1.5 2024
95 72 0.35 1933
95 72 0.35 2024
95 72 1.5 1933
95 72 1.5 2024
96 57 0.35 1933
96 57 0.35 2024
96 57 1.5 1933
96 57 1.5 2024
96 60 0.35 1933
96 60 0.35 2024
96 60 1.5 1933
96 60 1.5 2024
96 62 0.35 1933
96 62 0.35 2024
96 62 1.5 1933
96 62 1.5 2024
96 64 0.35 1933
96 64 0.35 2024
96 64 1.5 1933
96 64 1.5 2024
96 67 0.35 1933
96 67 0.35 2024
96 67 1.5 1933
96 67 1.5 2024
97 53 0.35 1933
97 53 0.35 2024
97 53 1.5 1933
97 53 1.5 2024
97 57 0.35 1933
97 57 0.35 2024
97 57 1.5 1933
97 57 1.5 2024
97 60 0.35 1933
97 60 0.35 2024
97 60 1.5 1933
97 60 1.5 2024
97 65 0.35 1933
97 65 0.35 2024
97 65 1.5 1933
97 65 1.5 2024
97 71 0.35 1933
97 71 0.35 2024
97 71 1.5 1933
97 71 1.5 2024
98 57 0.35 1933
98 57 0.35 2024
98 57 1.5 1933
98 57 1.5 2024
98 60 0.35 1933
98 60 0.35 2024
98 60 1.5 1933
98 60 1.5 2024
98 64 0.35 1933
98 64 0.35 2024
98 64 1.5 1933
98 64 1.5 2024
98 67 0.35 1933
98 67 0.35 2024
98 67 1.5 1933
98 67 1.5 2024
98 71 0.35 1933
98 71 0.35 2024
98 71 1.5 1933
98 71 1.5 2024
98 76 0.35 1933
98 76 0.35 2024
98 76 1.5 1933
98 76 1.5 2024
99 53 0.35 1933
99 53 0.35 2024
99 53 1.5 1933
99 53 1.5 2024
99 57 0.35 1933
99 57 0.35 2024
99 57 1.5 1933
99 57 1.5 2024
99 60 0.35 1933
99 60 0.35 2024
99 60 1.5 1933
99 60 1.5 2024
99 74 0.35 1933
99 74 0.35 2024
99 74 1.5 1933
99 74 1.5 2024
99 79 0.35 1933
99 79 0.35 2024
99 79 1.5 1933
99 79 1.5 2024
100 60 0.35 1933
100 60 0.35 2024
100 60 1.5 1933
100 60 1.5 2024
100 67 0.35 1933
100 67 0.35 2024
100 67 1.5 1933
100 67 1.5 2024
100 76 0.35 1933
100 76 0.35 2024
100 76 1.5 1933
100 76 1.5 2024
100 83 0.35 1933
100 83 0.35 2024
100 83 1.5 1933
100 83 1.5 2024
100 88 0.35 1933
100 88 0.35 2024
100 88 1.5 1933
100 88 1.5 2024
101 53 0.35 1933
101 53 0.35 2024
101 53 1.5 1933
101 53 1.5 2024
101 60 0.35 1933
101 60 0.35 2024
101 60 1.5 1933
101 60 1.5 2024
101 84 0.35 1933
101 84 0.35 2024
101 84 1.5 1933
101 84 1.5 2024
101 86 0.35 1933
101 86 0.35 2024
101 86 1.5 1933
101 86 1.5 2024
101 91 0.35 1933
101 91 0.35 2024
101 91 1.5 1933
101 91 1.5 2024
102 55 0.35 1933
102 55 0.35 2024
102 55 1.5 1933
102 55 1.5 2024
102 60 0.35 1933
102 60 0.35 2024
102 60 1.5 1933
102 60 1.5 2024
102 62 0.35 1933
102 62 0.35 2024
102 62 1.5 1933
102 62 1.5 2024
102 86 0.35 1933
102 86 0.35 2024
102 86 1.5 1933
102 86 1.5 2024
102 89 0.35 1933
102 89 0.35 2024
102 89 1.5 1933
102 89 1.5 2024
102 100 0.35 1933
102 100 0.35 2024
102 100 1.5 1933
102 100 1.5 2024
103 53 0.35 1933
103 53 0.35 2024
103 53 1.5 1933
103 53 1.5 2024
103 59 0.35 1933
103 59 0.35 2024
103 59 1.5 1933
103 59 1.5 2024
103 60 0.35 1933
103 60 0.35 2024
103 60 1.5 1933
103 60 1.5 2024
103 64 0.35 1933
103 64 0.35 2024
103 64 1.5 1933
103 64 1.5 2024
103 100 0.35 1933
103 100 0.35 2024
103 100 1.5 1933
103 100 1.5 2024
103 107 0.35 1933
103 107 0.35 2024
103 107 1.5 1933
103 107 1.5 2024
104 55 0.35 1933
104 55 0.35 2024
104 55 1.5 1933
104 55 1.5 2024
104 60 0.35 1933
104 60 0.35 2024
104 60 1.5 1933
104 60 1.5 2024
104 65 0.35 1933
104 65 0.35 2024
104 65 1.5 1933
104 65 1.5 2024
104 72 0.35 1933
104 72 0.35 2024
104 72 1.5 1933
104 72 1.5 2024
104 77 0.35 1933
104 77 0.35 2024
104 77 1.5 1933
104 77 1.5 2024
105 55 0.35 1933
105 55 0.35 2024
105 55 1.5 1933
105 55 1.5 2024
105 60 0.35 1933
105 60 0.35 2024
105 60 1.5 1933
105 60 1.5 2024
105 65 0.35 1933
105 65 0.35 2024
105 65 1.5 1933
105 65 1.5 2024
105 72 0.35 1933
105 72 0.35 2024
105 72 1.5 1933
105 72 1.5 2024
105 77 0.35 1933
105 77 0.35 2024
105 77 1.5 1933
105 77 1.5 2024
106 55 0.35 1933
106 55 0.35 2024
106 55 1.5 1933
106 55 1.5 2024
106 60 0.35 1933
106 60 0.35 2024
106 60 1.5 1933
106 60 1.5 2024
106 65 0.35 1933
106 65 0.35 2024
106 65 1.5 1933
106 65 1.5 2024
106 72 0.35 1933
106 72 0.35 2024
106 72 1.5 1933
106 72 1.5 2024
106 77 0.35 1933
106 77 0.35 2024
106 77 1.5 1933
106 77 1.5 2024
107 55 0.35 1933
107 55 0.35 2024
107 55 1.5 1933
107 55 1.5 2024
107 60 0.35 1933
107 60 0.35 2024
107 60 1.5 1933
107 60 1.5 2024
107 65 0.35 1933
107 65 0.35 2024
107 65 1.5 1933
107 65 1.5 2024
107 72 0.35 1933
107 72 0.35 2024
107 72 1.5 1933
107 72 1.5 2024
107 77 0.35 1933
107 77 0.35 2024
107 77 1.5 1933
107 77 1.5 2024
108 55 0.35 1933
108 55 0.35 2024
108 55 1.5 1933
108 55 1.5 2024
108 60 0.35 1933
108 60 0.35 2024
108 60 1.5 1933
108 60 1.5 2024
108 63 0.35 1933
108 63 0.35 2024
108 63 1.5 1933
108 63 1.5 2024
108 69 0.35 1933
108 69 0.35 2024
108 69 1.5 1933
108 69 1.5 2024
108 75 0.35 1933
108 75 0.35 2024
108 75 1.5 1933
108 75 1.5 2024
108 83 0.35 1933
108 83 0.35 2024
108 83 1.5 1933
108 83 1.5 2024
109 55 0.35 1933
109 55 0.35 2024
109 55 1.5 1933
109 55 1.5 2024
109 60 0.35 1933
109 60 0.35 2024
109 60 1.5 1933
109 60 1.5 2024
109 65 0.35 1933
109 65 0.35 2024
109 65 1.5 1933
109 65 1.5 2024
109 72 0.35 1933
109 72 0.35 2024
109 72 1.5 1933
109 72 1.5 2024
109 77 0.35 1933
109 77 0.35 2024
109 77 1.5 1933
109 77 1.5 2024
110 55 0.35 1933
110 55 0.35 2024
110 55 1.5 1933
110 55 1.5 2024
110 60 0.35 1933
110 60 0.35 2024
110 60 1.5 1933
110 60 1.5 2024
110 65 0.35 1933
110 65 0.35 2024
110 65 1.5 1933
110 65 1.5 2024
110 72 0.35 1933
110 72 0.35 2024
110 72 1.5 1933
110 72 1.5 2024
110 77 0.35 1933
110 77 0.35 2024
110 77 1.5 1933
110 77 1.5 2024
111 55 0.35 1933
111 55 0.35 2024
111 55 1.5 1933
111 55 1.5 2024
111 60 0.35 1933
111 60 0.35 2024
111 60 1.5 1933
111 60 1.5 2024
111 63 0.35 1933
111 63 0.35 2024
111 63 1.5 1933
111 63 1.5 2024
111 69 0.35 1933
111 69 0.35 2024
111 69 1.5 1933
111 69 1.5 2024
111 75 0.35 1933
111 75 0.35 2024
111 75 1.5 1933
111 75 1.5 2024
111 83 0.35 1933
111 83 0.35 2024
111 83 1.5 1933
111 83 1.5 2024
112 60 0.35 1933
112 60 0.35 2024
112 60 1.5 1933
112 60 1.5 2024
112 77 0.35 1933
112 77 0.35 2024
112 77 1.5 1933
112 77 1.5 2024
112 84 0.35 1933
112 84 0.35 2024
112 84 1.5 1933
112 84 1.5 2024
113 60 0.35 1933
113 60 0.35 2024
113 60 1.5 1933
113 60 1.5 2024
113 77 0.35 1933
113 77 0.35 2024
113 77 1.5 1933
113 77 1.5 2024
113 84 0.35 1933
113 84 0.35 2024
113 84 1.5 1933
113 84 1.5 2024
114 60 0.35 1933
114 60 0.35 2024
114 60 1.5 1933
114 60 1.5 2024
114 84 0.35 1933
114 84 0.35 2024
114 84 1.5 1933
114 84 1.5 2024
115 60 0.35 1933
115 60 0.35 2024
115 60 1.5 1933
115 60 1.5 2024
115 77 0.35 1933
115 77 0.35 2024
115 77 1.5 1933
115 77 1.5 2024
115 86 0.35 1933
115 86 0.35 2024
115 86 1.5 1933
115 86 1.5 2024
116 60 0.35 1933
116 60 0.35 2024
116 60 1.5 1933
116 60 1.5 2024
116 72 0.35 1933
116 72 0.35 2024
116 72 1.5 1933
116 72 1.5 2024
116 84 0.35 1933
116 84 0.35 2024
116 84 1.5 1933
116 84 1.5 2024
117 60 0.35 1933
117 60 0.35 2024
117 60 1.5 1933
117 60 1.5 2024
117 77 0.35 1933
117 77 0.35 2024
117 77 1.5 1933
117 77 1.5 2024
117 84 0.35 1933
117 84 0.35 2024
117 84 1.5 1933
117 84 1.5 2024
118 60 0.35 1933
118 60 0.35 2024
118 60 1.5 1933
118 60 1.5 2024
118 77 0.35 1933
118 77 0.35 2024
118 77 1.5 1933
118 77 1.5 2024
118 84 0.35 1933
118 84 0.35 2024
118 84 1.5 1933
118 84 1.5 2024
119 60 0.35 1933
119 60 0.35 2024
119 60 1.5 1933
119 60 1.5 2024
119 77 0.35 1933
119 77 0.35 2024
119 77 1.5 1933
119 77 1.5 2024
119 86 0.35 1933
119 86 0.35 2024
119 86 1.5 1933
119 86 1.5 2024
120 60 0.35 1933
120 60 0.35 2024
120 60 1.5 1933
120 60 1.5 2024
121 60 0.35 1933
121 60 0.35 2024
121 60 1.5 1933
121 60 1.5 2024
122 60 0.35 1933
122 60 0.35 2024
122 60 1.5 1933
122 60 1.5 2024
123 60 0.35 1933
123 60 0.35 2024
123 60 1.5 1933
123 60 1.5 2024
124 60 0.35 1933
124 60 0.35 2024
124 60 1.5 1933
124 60 1.5 2024
125 60 0.35 1933
125 60 0.35 2024
125 60 1.5 1933
125 60 1.5 2024
126 60 0.35 1933
126 60 0.35 2024
126 60 1.5 1933
126 60 1.5 2024
127 60 0.35 1933
127 60 0.35 2024
127 60 1.5 1933
127 60 1.5 2024
